0.0,0.04524998971219052,0.04781330771914283,0.0338022289944761,0.03564767255785717,0.046670125723761835
1.0,0.05828032778508308,0.058403752574344284,0.0441025565927103,0.05193424160831898,0.05564629513174739
2.0,0.05907953601482081,0.05715663221949479,0.043160142497743643,0.052251658914477556,0.05594715660297271
3.0,0.05923695926356613,0.057759544907128056,0.043456145959636934,0.052498889558277737,0.05623637294664431
4.0,0.05831840069570614,0.05901561146476477,0.044051412076311795,0.052413212352473135,0.05589147747972481
5.0,0.05820500181387676,0.058275400440395426,0.04351905061484281,0.05175448713329456,0.05556773660133349
6.0,0.058428481626434395,0.05711375799617012,0.04286352770782117,0.05284710403190376,0.055244495996789406
7.0,0.0592462884662355,0.058788825582754674,0.04382191166444983,0.052324214152177626,0.05687021354447369
8.0,0.06077179037435601,0.058788838868005615,0.04388517045565258,0.05176912078491637,0.055636789928656824
9.0,0.05788797942484073,0.058298935263041474,0.04351232580264338,0.05210112596036846,0.056016577014352295
10.0,0.0586941798609447,0.058913985935082486,0.043926223574253825,0.05281840760288235,0.055793406715637484
11.0,0.0588224851071331,0.05804971723424185,0.043297624993017765,0.05272589325371933,0.05580892141947237
12.0,0.0591990995427884,0.057090223173523684,0.042808329078412394,0.052475284924676235,0.05517694659829776
13.0,0.059839762232622995,0.058911856973564894,0.04387912063237187,0.05295015410117457,0.05608011956113253
14.0,0.060369508721312734,0.058841255826939255,0.044038620722839726,0.05234822177668548,0.05651294965740597
15.0,0.059200754663244454,0.05923488121586214,0.04422302644158419,0.05175741604530372,0.054744615222225984
16.0,0.06036041326899069,0.06000289827116469,0.044515121104474996,0.05322301379836232,0.05608512696053754
17.0,0.06034219666371879,0.06037727665229316,0.04483816912917444,0.05366509406853791,0.056450903271229716
18.0,0.05981079762463573,0.05893430240560588,0.043945743919423526,0.05421783121608223,0.057016827961807834
19.0,0.05923387506281248,0.05835562010894925,0.043509630026466475,0.05334363552161772,0.0571649369861008
20.0,0.058768680841985596,0.05712872715305184,0.04287967728789502,0.05360829571963621,0.056269265023678336
21.0,0.05917178748519461,0.0582839561422212,0.04349818238158483,0.052846509522762236,0.05651094700837285
22.0,0.059748715187143364,0.05837488372330801,0.04353318567690537,0.053453132469836184,0.05668907401712353
23.0,0.060719643799727926,0.05802724191038545,0.04340329106015722,0.0534109750448392,0.05647541824337193
24.0,0.06004835624132422,0.0580967536664059,0.043350119487253584,0.0533237221924822,0.056573997049533656
25.0,0.05965435533068825,0.05819304848901098,0.043286189886630085,0.05327746683597159,0.055334063659125354
26.0,0.05968995070075242,0.05778336787391344,0.04320070870483389,0.05372481405716528,0.05709838813530299
27.0,0.05959724082462786,0.05881344315338025,0.043861614805213577,0.05329327859745159,0.057414621798699786
28.0,0.05973712677388561,0.05636499459128777,0.042281363348795245,0.05361531710894692,0.05621872959691662
29.0,0.059249588426897384,0.05618421885578013,0.04219858212267398,0.05329328041552209,0.05530454284122359
30.0,0.05989935941936746,0.059145036382754465,0.04399218441088055,0.05232245971388552,0.055793409822928436
31.0,0.058742193774557534,0.05801867956593389,0.0434369422878914,0.052784446040913036,0.055837943517173014
32.0,0.05934064832269076,0.05776837214652881,0.04311187138618496,0.05243956710634372,0.05600906669206736
33.0,0.06044566482281015,0.0580347181855442,0.043258586392427696,0.05272296434170998,0.055086373727331786
34.0,0.05871405415673571,0.058183406717893044,0.0434652165915143,0.052574818845079044,0.055670814764826146
35.0,0.059634478464834495,0.05797803333963668,0.043239745215674974,0.052667335012313146,0.05578839776258668
36.0,0.05936051747835627,0.05747101500970836,0.043136766565716425,0.05306199090647307,0.05670209045901513
37.0,0.05948964000452156,0.057503105534180185,0.04298197885918575,0.05343732434449759,0.056743619402887385
38.0,0.05798068416083963,0.05526966215752383,0.04166150827726764,0.052556090898085384,0.05500281090480383
39.0,0.06025694510989964,0.058418741659103116,0.043585673901894294,0.0526398203292915,0.055985550713973486
40.0,0.05868508183855974,0.056877360234857115,0.042529034127989244,0.052503977717556244,0.05619570923173345
41.0,0.05884152413250769,0.057527709819554566,0.04303111094732182,0.052722378922922336,0.05649093139356155
42.0,0.05879930314049196,0.05826577859715473,0.04341876983081038,0.051938934048974636,0.05618420137960964
43.0,0.059872867211813896,0.05739187144650827,0.04297592694615599,0.05262693566175007,0.0542267323574024
44.0,0.058331646799482995,0.05863374684453912,0.043590386285831645,0.05263747501799926,0.05607962394822216
45.0,0.059411014072653354,0.058346001587021065,0.0434833806895995,0.053327821942066825,0.05481216772800847
46.0,0.05988424282386977,0.05826466946846181,0.043436941272870414,0.05364854739090792,0.056792367959779294
47.0,0.05894415959124445,0.05826362970775951,0.04338982680751536,0.05315919224207924,0.05690323938659478
48.0,0.05897147164883809,0.05852463175444676,0.04344569206684698,0.05245596246854074,0.05762077812568467
49.0,0.05819341340061901,0.05655967998488774,0.04240519351401967,0.05280493751655309,0.0547941547622304
50.0,0.05897229920906642,0.056670910751246625,0.04245231108414462,0.052632202612768464,0.055210971434467196
51.0,0.05858244380975977,0.0574218064389596,0.042942271538923736,0.05186105698757455,0.054486922920785774
52.0,0.05883325110028817,0.05806574256860071,0.043218208262745174,0.05180074067173465,0.05494176506632162
53.0,0.05894581214163806,0.05795984915194429,0.04320340239126175,0.05172638157727317,0.05544514775781331
54.0,0.059787613087931846,0.05819517412921607,0.04330703931214733,0.0522972776156608,0.05521147015466843
55.0,0.05799640780517538,0.05731912141048793,0.04301226559107096,0.05205487242192837,0.05541812209456379
56.0,0.058620524430571384,0.05620775035711354,0.04212723182344225,0.05215088837539297,0.05473110627471485
57.0,0.05790867100060878,0.05792561970201606,0.043242436812354026,0.05125677935179323,0.05543063360167215
58.0,0.05941431403331476,0.05680782522964679,0.042371544376034596,0.051780254650306806,0.054407865670170766
59.0,0.05951859690232025,0.05812993358148265,0.043256567694918556,0.05214854851831323,0.05555473103496045
60.0,0.05875792255901878,0.05686453000343142,0.042543165010554,0.052207693996577764,0.05554822126036911
61.0,0.05924298336544859,0.056777883594569936,0.042478558331262684,0.05196177447204832,0.054913246349759165
62.0,0.059977998201549726,0.05781438229303139,0.043410020051854625,0.05263806589099919,0.05612615407691762
63.0,0.05963945153639198,0.056972565666857274,0.04261248616353143,0.052538521062171495,0.055652803352693236
64.0,0.05907494237799191,0.059198519483103285,0.04389863679804331,0.05238862476338996,0.055604267467673704
65.0,0.05946563304771545,0.05662706277939047,0.042438844741754016,0.05270481817736225,0.055762385076194895
66.0,0.060319009556952144,0.058846589855328826,0.043818542989103135,0.05258243474353157,0.05685470039428439
67.0,0.05998626866370618,0.05886584682706206,0.04382864274589621,0.0534642590629438,0.05700281563315905
68.0,0.059743744685648775,0.05968949919342116,0.04433946934418443,0.05293668219677461,0.05541212036204686
69.0,0.05943336076887776,0.05719290488068272,0.04274439738803979,0.05380738355922092,0.05695678888560156
70.0,0.058753789898003526,0.0587460503949391,0.04372769115244291,0.0531193764922331,0.05713141242377828
71.0,0.05837303509114442,0.05608474221549308,0.04196167146094877,0.05263981851122079,0.055121402218485674
72.0,0.05923222251241887,0.056115753313298135,0.04209089108877819,0.052523298355620834,0.05653145823609462
73.0,0.059339813052274024,0.05826684805988268,0.04341674904355202,0.052625763006104,0.05563377896370292
74.0,0.05901369264085382,0.05864228593980067,0.043636824687539745,0.052125126312593015,0.055496178797485085
75.0,0.059457357445433026,0.05897603137988262,0.043931613036858705,0.05296771666480546,0.05514141783329718
76.0,0.06057644503949454,0.0581213712370316,0.04332252853154528,0.05247586670732246,0.05584043556453461
77.0,0.05788383648357402,0.05783791379436467,0.04306408300663919,0.05218368455399912,0.05614967937688467
78.0,0.06045642310577666,0.059209220753010876,0.044069582443643944,0.05204374582882074,0.054835186539546596
79.0,0.060422487996294516,0.05983176762808801,0.04432196769652417,0.05281313701572235,0.056443399163526684
80.0,0.059032726526102294,0.057627189781154387,0.04315561192196729,0.05380035489762683,0.05570283695196235
81.0,0.05983893467239482,0.058172708769298226,0.04335550268061158,0.05389579452265761,0.056987297822033225
82.0,0.06045145260428192,0.05661849711362627,0.04226520958922331,0.05361532619930082,0.056620030011673386
83.0,0.06035047226600075,0.05887547531292893,0.043904019991401415,0.05347362212740543,0.0567516253380828
84.0,0.05894664484199205,0.05864978546414956,0.04372499119676781,0.05380210933591913,0.0560080692516647
85.0,0.058988865834007614,0.05721856534353398,0.042646814469933014,0.05353568560925463,0.056165186312492066
86.0,0.05914530555789205,0.058101058087821233,0.043338009391947305,0.05309243995571618,0.05508337208425074
87.0,0.06069315930236245,0.05950443896437478,0.04413755779828191,0.0535796065628978,0.056685074933639404
88.0,0.05984886025500748,0.058217636167821406,0.04328146705394798,0.053466595283882146,0.05665105009747029
89.0,0.058999621546911074,0.0584775687517802,0.04359240080384294,0.053682074849522365,0.05754221959527088
90.0,0.05915606127079595,0.05943598338583121,0.04413352249301225,0.05367680608043297,0.05730354391459394
91.0,0.059007904859381746,0.05903166004831364,0.04385891693928775,0.05265797922013471,0.05603759317685751
92.0,0.05876206293022259,0.057324478688067254,0.04285813824521623,0.05267963426106684,0.056310795521196166
93.0,0.05958234474052031,0.058307497607493035,0.04340664719700996,0.05252564184884227,0.05549167944015426
94.0,0.05627472015165117,0.05801439839370843,0.043187248631689934,0.05205076721813154,0.05505435154019568
95.0,0.05846077189571133,0.05815131951473399,0.043375018846283135,0.052184271790857745,0.05546615615209083
96.0,0.05894829996244856,0.05902416052396488,0.043909396915512336,0.05177908199466073,0.05559275650825948
97.0,0.060343021653884374,0.057757690804498336,0.04315628691088595,0.05242726967566083,0.055394107396268266
98.0,0.05946645803788042,0.05882092274985203,0.043879124811869716,0.052260978014682366,0.05514692084561257
99.0,0.05976857920268307,0.05889473892728782,0.04393969200639354,0.05301924079040536,0.05658550024072072
100.0,0.060467181388743324,0.05802723526775966,0.04327070275698111,0.0525724844422116,0.05538109872260448
101.0,0.0592669800420037,0.05829037623990319,0.043310418436238764,0.05318319986658698,0.05606611500071092
102.0,0.05916351188291265,0.05733088550049806,0.04292880101703516,0.05424008803843909,0.056946775640436376
103.0,0.05899548374577032,0.05840590146373912,0.04351232162314541,0.05425706881942374,0.0575132006048614
104.0,0.060184924239480686,0.05753839116158516,0.04292073249624519,0.053409800571122046,0.05744214307485991
105.0,0.05807091906646773,0.05893004448257017,0.04378287515360874,0.0528389008965932,0.05634782044680085
106.0,0.05960552413709823,0.058305352039410965,0.04338107911830876,0.05373301537440543,0.056253747212552066
107.0,0.05821493253661508,0.057254947004170074,0.0428567945366258,0.0532206739412823,0.056547975041269016
108.0,0.05859817259422117,0.05617565651132883,0.04218847818638281,0.052883401814811506,0.05602808486647588
109.0,0.05961213690873528,0.05862837960302123,0.04362942070692363,0.05303329811359295,0.05603959582589031
110.0,0.05845662638438172,0.05825507068462123,0.043236378630077205,0.05271593568011618,0.056154680561707776
111.0,0.0585162287112523,0.056371411367657005,0.04231769990396134,0.05274931000522695,0.055778898774078114
112.0,0.058422693844962625,0.059047685382672625,0.04385286293650907,0.05221706433332239,0.055354076166645894
113.0,0.058296881559710224,0.058208020967205856,0.04342213432665905,0.05242785691251936,0.055851447803747595
114.0,0.05836888957981527,0.056845263067759506,0.04252835495957256,0.05207477847878078,0.05499930743423019
115.0,0.05938119877387271,0.05768174234423154,0.043059376891949025,0.05250105425975908,0.05570334344039117
116.0,0.0599291541576461,0.058033655365441916,0.043244457599612034,0.052474692233605305,0.056107145224381955
117.0,0.05868176645752183,0.05815453786685703,0.043411361670696126,0.05198928188278697,0.055846445065278805
118.0,0.06026190790120613,0.057337315562118484,0.04292544279043344,0.05254203539296849,0.05498579848671928
119.0,0.060566509176630715,0.05947983800031342,0.04406419925028584,0.05289804092064543,0.055022323138477366
120.0,0.0588812444533984,0.05881023476519551,0.043673173781199684,0.05260118087123282,0.055433639905689724
121.0,0.060275973855022605,0.05880167906336987,0.04388113724013209,0.05296947837538066,0.05652645860491699
122.0,0.058715711847254666,0.0583738109392673,0.04350895712729669,0.052783273385267074,0.05571485129251476
123.0,0.05881752231582646,0.05844439880064174,0.04359172999442201,0.0531568505669284,0.05619070183232801
124.0,0.05881751974576371,0.05778014287916486,0.04321281880014035,0.053066092474128496,0.05676113209481885
125.0,0.06022631253114212,0.05783469876355439,0.043102446618310544,0.05268373764679317,0.05584094360660857
126.0,0.059713122387142256,0.057575835642323804,0.04293015308462158,0.052768057950999314,0.05573536562752748
127.0,0.05950950144999867,0.05718114411198561,0.04283997414713109,0.05317499854934703,0.055812922056602085
128.0,0.05907329239766104,0.05749240426427247,0.04287564407237435,0.05293024804432245,0.05491424534380719
129.0,0.058914367423029315,0.05853424695506218,0.04344030678374001,0.05323121693367308,0.056999809329141365
130.0,0.058669353054098504,0.057664624297954596,0.04325253238964902,0.052931411609614606,0.055547222266320986
131.0,0.05752129057179857,0.05907443855744159,0.04393296301469614,0.052871693439057454,0.05658599896092205
132.0,0.05817768461615746,0.05778656297684686,0.043079563867041336,0.052160271438633,0.05563178563654243
133.0,0.059485494493191945,0.058082860614877656,0.043389158087843716,0.053028611127149794,0.05554322007554591
134.0,0.059230559681773945,0.05665380266890837,0.04228943395933414,0.05247059975630387,0.0555862482873133
135.0,0.05932574195833158,0.05902415388133909,0.04385085259799568,0.05219013506908858,0.05566080462695212
136.0,0.05885725548703168,0.058236893139554505,0.04337704799253731,0.05262869737232537,0.05485319950532487
137.0,0.059189996380277804,0.05929906558611855,0.044091794385492405,0.053093612611362445,0.05616818484828216
138.0,0.06011373863947786,0.056970420098775065,0.0425781599468786,0.0523060698059008,0.05470959294565399
139.0,0.059639459246581,0.05856742022751314,0.04365499714462082,0.05261932703558064,0.05594701719860047
140.0,0.059322439427607565,0.0576710377530108,0.043033804633749805,0.0523095786824854,0.05523548485296384
141.0,0.06079082682966769,0.057949151203349474,0.04325186366997719,0.05307956256045765,0.055084371078298874
142.0,0.06134375271493553,0.05742074361885705,0.04295640451123754,0.05234588191960515,0.0552700146239164
143.0,0.06002104418373026,0.05946486552211855,0.04416177589914584,0.053362959795823714,0.055283522017781944
144.0,0.06030908654440223,0.058552441106693,0.0436920107784545,0.05448308774131297,0.058193211037208425
145.0,0.05942838255719461,0.0566430914350621,0.0424926850343293,0.0542810800800729,0.05681567281964628
146.0,0.062358542019615215,0.05808179115214919,0.04319734838848319,0.052763954565273274,0.05552420190113748
147.0,0.0613809980653304,0.059311912424108465,0.04415976347088353,0.053021593373980686,0.056695586899005807
148.0,0.06186024281959711,0.058441200376395684,0.04355807876668796,0.0546400127016885,0.056666560140368846
149.0,0.05992088112542658,0.0587310679528058,0.0437727733070668,0.05480982051153456,0.05604309308188206
150.0,0.060597964175490765,0.05886585014837508,0.04377681697133221,0.055189830027577755,0.0572224778003638
151.0,0.05023474355540484,0.05953761223682613,0.04412813303040749,0.05523783982238076,0.05785845636595885
152.0,0.0597379569041767,0.059060522256723855,0.043724322477096095,0.054961471248608396,0.05841487585344639
153.0,0.05905011043102036,0.05592642851859052,0.04195831114459795,0.05472022962016841,0.058359333027279664
154.0,0.058070913926342234,0.05735443028708266,0.042799585568703585,0.053976602314137756,0.057906491977131686
155.0,0.05929429209959704,0.056125391763103306,0.04214541472926819,0.05314044975051947,0.056258754611957396
156.0,0.05922393919994835,0.05660245849401583,0.04231432913886566,0.05288808880125477,0.0565329621649263
157.0,0.05914116261662518,0.056791783288723835,0.04262931700177077,0.05246708360743617,0.05508587345348477
158.0,0.058459111635129166,0.05905838997389298,0.0437768107020852,0.052364620775023796,0.056608519052258735
159.0,0.05959889594508408,0.05913540125426206,0.04400430286518277,0.05294956322817493,0.05652095248531054
160.0,0.06013278023491535,0.05769884710525704,0.04312330858232163,0.052080630848587106,0.05571935375713674
161.0,0.058546858719946915,0.0577972609254418,0.0432054169092731,0.05334831887191928,0.05571034261331097
162.0,0.06004421587012025,0.056546826504272424,0.04243144703038467,0.05187159452575295,0.05578990169141837
163.0,0.05931332598484566,0.05869150779580076,0.043612596137931066,0.05251158270758387,0.05558924993039456
164.0,0.060547472721318885,0.05742074361885705,0.04276660932988825,0.05265562118234679,0.05551319276921522
165.0,0.059996207096633225,0.05772451753204673,0.04301024062431498,0.052273275445365364,0.05469858070644089
166.0,0.05962206763147407,0.05798445343731868,0.043092351041015435,0.05350055684585164,0.056124151427884614
167.0,0.05780852593274465,0.05844226651781086,0.043673169601701894,0.0529044823453807,0.05627176483926731
168.0,0.06036040555880259,0.05886691961110316,0.04383066144340535,0.05296712942794672,0.05636383231719169
169.0,0.060150994270124034,0.05957396068433391,0.04420149366815242,0.052631035411334695,0.05599706011974244
170.0,0.06062858133387179,0.05951193184609814,0.044239857279823595,0.05214679589809154,0.05584094049931762
171.0,0.06092243203651798,0.05976330540691852,0.044406761350907736,0.05376990948452531,0.05677063263697299
172.0,0.0624826991844111,0.05993764775949284,0.0444841635631691,0.05472315307796538,0.05798755498407056
173.0,0.061166613705094505,0.06089499957344157,0.04506027391941629,0.05515996639712237,0.05941812222940128
174.0,0.05940934610188309,0.05975795145065222,0.04433273408323996,0.05540237340892533,0.05865855737988307
175.0,0.05850298517753819,0.059097970058774874,0.04398276173275506,0.05543692038968227,0.059501181670791256
176.0,0.0597379543341138,0.05882734949015995,0.04351165499322263,0.053562042181196215,0.05889523196517257
177.0,0.06151756606348702,0.05951941476388281,0.04439599705394075,0.0533612071756025,0.05767832049359335
178.0,0.0607337148936702,0.05803365868675442,0.04327609221958587,0.0533096739596486,0.05716793862918185
179.0,0.06057064697777147,0.05885516216371882,0.04372096425049432,0.05286349575795919,0.0572054747041522
180.0,0.05858161110940625,0.0548492869151441,0.041442772162372604,0.052861148628596255,0.05604359801666539
181.0,0.059569101206806044,0.05825615343260076,0.043412717917780626,0.05175800146409145,0.05617218703905734
182.0,0.05927442551399473,0.05726243988589291,0.04282112461138225,0.05278093171011623,0.05598754870206997
183.0,0.05789046981571383,0.05902737887608792,0.04380912031097776,0.05238920472796549,0.05552970957438941
184.0,0.06069977207399965,0.058520347260908406,0.043509627936717435,0.051869249214460816,0.0559370101680174
185.0,0.05895492044427417,0.058032582581400816,0.043371660619681236,0.05244307598292852,0.055547222266320875
186.0,0.05875709499879091,0.05967986406492889,0.04427686882390852,0.052222916703128425,0.056293783103111505
187.0,0.05923305521277285,0.05738545134882641,0.04278209019029027,0.053101804838248404,0.05540411753414218
188.0,0.06033060568039844,0.056724390530282685,0.04243345736889794,0.05258126026981459,0.05537008492974546
189.0,0.058954100594234546,0.05720359618665187,0.042671034660545934,0.05293200248261465,0.0556227744927172
190.0,0.05880179867149056,0.05749134476548282,0.04303312964483126,0.052085895981534513,0.05526050631353488
191.0,0.06203820424954097,0.058049703948990526,0.04315427030312567,0.050914825693091484,0.05377189176551214
192.0,0.06297271507195869,0.059042351354282534,0.04378422095194815,0.05205896489923009,0.05470359121313696
193.0,0.06274757242875613,0.061166696247411015,0.04514507593279568,0.05347361849126393,0.05574536799717379
194.0,0.06317799369962138,0.06108539383087753,0.04526755820993183,0.05498665152876221,0.05667907164747711
195.0,0.06381202819744165,0.06131430535309283,0.04537053059064343,0.05593813886583919,0.0569027437736843
196.0,0.06058058541069851,0.0606885600537699,0.04496873873484142,0.05868196399847926,0.057276019531142974
197.0,0.06081483121641136,0.059637075591862244,0.04421832032689367,0.060791646046811434,0.057814424499206554
198.0,0.06011787644061907,0.05844440876458017,0.0435076134187062,0.06131687214747619,0.05875663280490662
199.0,0.05768767643879843,0.05865299717364681,0.043737780460491066,0.06084258838976539,0.056887225962558366
200.0,0.058728957951031835,0.05786785875075455,0.04307889305762058,0.05952513431526682,0.05738009824232923
201.0,0.061061135022574375,0.06290596481081606,0.046380444771624105,0.06109696480033998,0.05859888207866991
202.0,0.06056930271537847,0.055749112973122975,0.04204641306600333,0.057966389143891295,0.0561085165513779
203.0,0.059390309646571715,0.057629325385298164,0.043043214773381216,0.056882610267817754,0.05793901599176017
204.0,0.06168642690098303,0.05848719059502128,0.04365096601884919,0.05647975487448838,0.05708837799742886
205.0,0.05872895538096893,0.058620903327862225,0.04371959964441412,0.05593580264490085,0.05733757030440864
206.0,0.060098850265558695,0.05727634954398512,0.042819770454046856,0.05515293591745768,0.056946775640436376
207.0,0.05999123402507528,0.06065646620798531,0.04479106618729243,0.05578532092733157,0.05854997465042966
208.0,0.05958151204016632,0.05891292975760586,0.043717591395649895,0.054842018544857776,0.05728852793096027
209.0,0.05873805340335342,0.05833529699580045,0.04355673923759532,0.05453988245407307,0.05708237626491193
210.0,0.059707334605670334,0.056689094938939276,0.0423358744507914,0.05451821286857464,0.05589297674761953
211.0,0.059406868561324044,0.05735550307112363,0.042846690600334705,0.054049201516094644,0.05579891283524405
212.0,0.05824390999491639,0.05745283746464164,0.042774009131006395,0.05415284427643627,0.056208717905397235
213.0,0.05859072969229335,0.05594781777315449,0.041848609772188954,0.053833731040808505,0.055550227016693196
214.0,0.06061534294028288,0.056122183374918436,0.04205387327544642,0.053296785655965476,0.0548962261634469
215.0,0.060765164752405065,0.05941137577914432,0.04419678128421512,0.05487832541811931,0.0565499714757198
216.0,0.05916659852836002,0.060603948099979675,0.04518839623905698,0.05631921790333218,0.057290128892014736
217.0,0.0590699795866854,0.058062540823041756,0.04340530766791756,0.05433084794930999,0.056717098674421304
218.0,0.059649379689067555,0.06009168692679561,0.0445474286236188,0.05441223388729448,0.057727355098814215
219.0,0.05853304066704723,0.057809367300462065,0.043253952344223495,0.05336603041346338,0.0562152932882182
220.0,0.0582364568127368,0.0574453545468571,0.04296246269351407,0.052665000609445414,0.05594151573993035
221.0,0.06013030012429339,0.06003071758734948,0.04451040663078895,0.05281899302167008,0.055823932742169596
222.0,0.05990763245158698,0.05735442032314436,0.04291130772837077,0.05273818523019003,0.05622222996019942
223.0,0.05980417200268433,0.05739079534115454,0.042936213356647206,0.05250046156868844,0.056643542882476305
224.0,0.0594242447560534,0.058239032065010785,0.04338108120805769,0.051979918818325435,0.055286026494307236
225.0,0.05972719605114714,0.05703992853348275,0.04268719468936458,0.053009881362085426,0.05602457518132044
226.0,0.05943169022804444,0.0593033500796569,0.04399353229896894,0.05265328496140845,0.055222479286590576
227.0,0.06097625206934777,0.05878727874863211,0.04378242229935802,0.05277623509281182,0.05539063033766804
228.0,0.05969904358301126,0.06024037213783117,0.04461877474335227,0.05360594677220229,0.05731254418290106
229.0,0.059425137132012446,0.05646531338689434,0.042475370444686966,0.05324022649422802,0.05609834249641453
230.0,0.05989273893754202,0.05958039738858026,0.04416919032850658,0.05284651679504533,0.056749624242695376
231.0,0.06060458671336666,0.057265848217109325,0.04310972103449031,0.053908436295944454,0.05634111553433652
232.0,0.05954345960714068,0.057348211396674294,0.043061000559490845,0.05274375867275152,0.05549774948295501
233.0,0.06008146636064063,0.057066694993503427,0.042642766626169865,0.05310707542540831,0.056071111524597816
234.0,0.05906003858369609,0.05619491680437495,0.04207878308322071,0.05276161289012225,0.056106140015751815
235.0,0.059221453949200906,0.05802081517007753,0.04318186543833212,0.05257306440678684,0.055419622916104305
236.0,0.06037860931375982,0.05926055164265196,0.043914792647364226,0.0529419582381469,0.05691774732815394
237.0,0.059164342013203725,0.05908406372199557,0.043877093575866555,0.05278093352818704,0.0554896798984123
238.0,0.0589218128950202,0.059731201597195506,0.044212264234366125,0.05299934564197764,0.05622773452616028
239.0,0.059141165186688244,0.056819595962282705,0.04245836717667235,0.05218954419608844,0.05582242881333781
240.0,0.05954675451058179,0.059613554054467395,0.044260046344665,0.05171935836989147,0.05574436900312556
241.0,0.06050442673913835,0.05679177332478515,0.042550566901421075,0.05263981669314999,0.05563078508884861
242.0,0.058252177887010106,0.05753733166279539,0.04281708512661499,0.05192664025443294,0.05679165656770581
243.0,0.060548297711484164,0.05788177173015978,0.04308090548588283,0.05273994512269463,0.0550903743644615
244.0,0.060053321602693305,0.058366324700169864,0.04351299243256622,0.05212865155181462,0.05589148369430651
245.0,0.05914639166644006,0.05794763630512458,0.04317070802972959,0.051547637326257605,0.05603297316785728
246.0,0.05908631880251981,0.05623128892962914,0.04216688015885395,0.05209772481913896,0.05453334880488088
247.0,0.060396825919031574,0.05785823026488768,0.043209456394040544,0.0514710917159993,0.05430478595303284
248.0,0.06071715340885467,0.057928838054139106,0.04330031867944575,0.052732336496525506,0.055633286458083284
249.0,0.06083965802325725,0.059419948087533925,0.04424053226874237,0.05259414857349773,0.055328560646809744
250.0,0.06130152401273185,0.05984138947132883,0.04430176818293789,0.05321891768491929,0.05627527297077717
251.0,0.05907991287948679,0.060410446603431485,0.04481730925491234,0.05452407614680538,0.0567681343750296
252.0,0.06113681125662791,0.05859095172884694,0.04356683063539259,0.055853820379703836,0.05658650078841454
253.0,0.05981161233455001,0.0582026636896264,0.04334876950941633,0.05451880192350378,0.05682718377906082
254.0,0.060133612935268865,0.05967024222168794,0.04424591337235138,0.054348412331011384,0.05753771557700384
255.0,0.05999869234738067,0.05810961046833385,0.043287529415722656,0.053674462587211536,0.057205964102480564
256.0,0.05939609999810608,0.05745604917413928,0.042794879454013356,0.05388290621897439,0.05740161312503579
257.0,0.05975511479042725,0.058431538962084445,0.04352842642288423,0.05308677910667915,0.057543963673304915
258.0,0.058742201484745786,0.056729744486549376,0.04236817361093891,0.052832459471857635,0.05703583370705276
259.0,0.05897147678896421,0.057596158755472346,0.04299005782872058,0.053470105978537644,0.05602958258072545
260.0,0.05909067630257926,0.058817721004292944,0.0437936415403246,0.052980014095488345,0.05686821244908648
261.0,0.05989687930874597,0.05855030218123659,0.04340396604907595,0.05299933473355313,0.05649943138802177
262.0,0.060562940022614725,0.05669018036539672,0.04252842823560922,0.05312018060733986,0.05611969687568498
263.0,0.05959156741095137,0.05717189923774939,0.04277949770741983,0.052276329934120014,0.05513362430363493
264.0,0.06082972473045602,0.05803900267908281,0.04309840922329208,0.05194595907442683,0.05547967752876588
265.0,0.059508671319707274,0.05884445757249795,0.0438272969475568,0.05225160767793774,0.055368085388003724
266.0,0.05993495221936887,0.05834172041479574,0.04331578909110285,0.05277566294102684,0.055132409796762455
267.0,0.059497913036740305,0.05922739829807772,0.043994201018640766,0.05330499606355933,0.05574036991964154
268.0,0.05958481971101659,0.05776410425955455,0.04299947632734811,0.05225746186581466,0.05571485129251465
269.0,0.060235415693652566,0.056532916846180094,0.042366829902348434,0.05328449186142399,0.056656055943229824
270.0,0.060081453510326566,0.0586562055618313,0.04362269380497516,0.05248465344335006,0.05622573343077317
271.0,0.05879021282829603,0.05941780251945198,0.044216301629384704,0.052717111971903846,0.05649143166740847
272.0,0.05996971231901646,0.06026176471370817,0.04476010655623725,0.0527891312092854,0.056637538042668426
273.0,0.059602206185997264,0.05829573351748252,0.043484053588769174,0.0525332522930823,0.05590148451030766
274.0,0.060512704911482904,0.05781223340363681,0.043210802192380014,0.05338403850832239,0.05616568813998435
275.0,0.05963200863446384,0.05882949505824163,0.04365365970527717,0.0520964407919961,0.056110140652881196
276.0,0.060672452306217456,0.058258302321995595,0.04343963179482129,0.05297357085268238,0.0556993334813886
277.0,0.06006987280725738,0.05923168279161595,0.04397939305740848,0.053149238304617874,0.055738864437164595
278.0,0.05915854652154309,0.05777266660400585,0.043261957157523435,0.05427931836949759,0.05634482191101066
279.0,0.06018906718074739,0.058172715411923884,0.04349078049071782,0.0536738753503532,0.056995808692011776
280.0,0.05856920541617132,0.05791920624695947,0.04319195892587837,0.05314923466847597,0.05781041920114084
281.0,0.059048460450689344,0.05724959636921616,0.04268853212870805,0.05359657643545776,0.05713591178110922
282.0,0.05892926607719978,0.057884986760969925,0.04312061489589365,0.05286407935867603,0.05662452781535851
283.0,0.059570751187136756,0.05806573592597505,0.043352808994183596,0.052460060400054576,0.05464754034489616
284.0,0.05979175345913565,0.057289179775410946,0.04286891090117898,0.05240033677528551,0.055631785636542544
285.0,0.06031487175581139,0.05815346508281606,0.043451073170456045,0.05270949425538092,0.05630679333042099
286.0,0.05913122932382442,0.05756300208958534,0.043071493256502315,0.05179840445079613,0.05559825952057455
287.0,0.060229622772054986,0.059022028241134256,0.043939681557648796,0.05192722749129167,0.054906239408611654
288.0,0.058388766445669184,0.05841123881344159,0.04347664751840413,0.052588292567549794,0.05642387916162578
289.0,0.06116578100474067,0.05792454691797509,0.04319061730703669,0.05296362055136242,0.05522248239388196
290.0,0.05874303161503687,0.05765927034168778,0.04309100733242501,0.05270774163515922,0.05533956667144095
291.0,0.05988032810418159,0.05938037132396467,0.04422572430750996,0.052467665390082296,0.05636383387083728
292.0,0.06068073304862523,0.05874177254402628,0.04360990872075004,0.05311645121636542,0.05588046990144803
293.0,0.05907327954734698,0.05861984050775968,0.043578276190525185,0.05301456289431619,0.05710939260628871
294.0,0.0586511467290779,0.05805077009040596,0.04324983661347211,0.052046083867830065,0.055459654145727316
295.0,0.059568271076515106,0.05946700444757522,0.04438388486888536,0.0531105897562055,0.056750126070187756
296.0,0.05943831584999615,0.05720254000917486,0.04274237869053047,0.052290258044420806,0.05594151573993014
297.0,0.06081730618690735,0.05908727543149308,0.04388046016146444,0.05228791455119919,0.05403108333484728
298.0,0.061020934834239635,0.058798457389933924,0.04384546731488883,0.052848278505620724,0.05556223048172705
299.0,0.06171705176955229,0.05969483986443653,0.04435965631927668,0.053852460805873165,0.05652495156879424
300.0,0.06132884635057666,0.05912364712819049,0.044000263380415384,0.05499952710594984,0.057235996069747774
301.0,0.061533294847948575,0.05967772181815971,0.04436571450155351,0.05531923303264863,0.05833932207340502
302.0,0.06059961672588453,0.05896320446976994,0.0437371096510702,0.05425004379397125,0.05885119699112944
303.0,0.060104640617093516,0.058587736698036796,0.043661730315816306,0.05446083637316851,0.05904735094846779
304.0,0.058953270463943455,0.05892147549549321,0.04382055959686341,0.05418153706931629,0.05913191431868947
305.0,0.06092326730693441,0.05754909575280578,0.04306273720829973,0.05380094031641457,0.05709938557570564
306.0,0.05944245622119965,0.05994727292404669,0.04450367972884054,0.05170471380984545,0.05643788682933834
307.0,0.05939859295904239,0.05772666642144183,0.04310648819282686,0.05261054211762364,0.05553271743205278
308.0,0.0600847740314909,0.05774163889963657,0.043058701903030426,0.052246926145706876,0.05694076769333754
309.0,0.060257770100065375,0.05724211013011859,0.04265218930429524,0.05177381322557144,0.054955277121123594
310.0,0.058883732274208594,0.057761955370159705,0.04310311951748034,0.052125137221017526,0.05542763195859089
311.0,0.05927194026324713,0.058752463849995565,0.043641539161226026,0.051671930357734604,0.055359078905114587
312.0,0.0603438492141124,0.05827646326049836,0.04346857481811619,0.05226976293263945,0.055969543504519076
313.0,0.06011870143078435,0.05830641485951364,0.04328349202070426,0.05242785327637767,0.05483568525974791
314.0,0.06141410561458421,0.059046629205195614,0.043953143720541675,0.053364714234116206,0.05642337578048802
315.0,0.060475456991025134,0.05795984250931863,0.04324916998354922,0.05270305283064555,0.056617523981502396
316.0,0.05940272304999458,0.05844226651781086,0.043401272362647965,0.05270657261565474,0.056471416052597076
317.0,0.06102341237479837,0.059610345666282906,0.04431321791756847,0.052359346551722405,0.05583494342773723
318.0,0.060349647275835624,0.059669166116334195,0.04420217074682012,0.05336237255896527,0.05647241349299974
319.0,0.060962992767951224,0.057836837689010934,0.043339353100537846,0.05319491006041174,0.05684869866176746
320.0,0.06098699201456878,0.05847222143813891,0.04350289058602416,0.05335065872899941,0.0565109423474362
321.0,0.060738675114913945,0.058142780419472566,0.04336829194433466,0.05314982190533471,0.05577239055313238
322.0,0.060876083523612345,0.05771811071961606,0.04290122259982052,0.053019248062688554,0.056266260273306126
323.0,0.059449081843151064,0.059388920383164776,0.04404333101702792,0.05379508612853773,0.056111646135358254
324.0,0.059721405699612304,0.0591268555163751,0.0439659308945156,0.05361590980001804,0.05773085701574228
325.0,0.061658292423287006,0.057975897735493165,0.043248499174128645,0.05322886798623935,0.056235737354064744
326.0,0.059958961746238354,0.05914397356265205,0.043856231611855645,0.05297884325791298,0.05714042046031299
327.0,0.05963117593411002,0.05957503678968791,0.04423716150364669,0.05256428494304244,0.0566690615096032
328.0,0.060304116042907335,0.05735012918697996,0.04272891861738681,0.05270129839235316,0.055395612878745434
329.0,0.0596204202212058,0.054065221276292943,0.04070513674890147,0.05185344472526382,0.05472860490548051
330.0,0.06088684437664206,0.058366324700169864,0.04354799154838884,0.05202852130419908,0.054624033688674925
331.0,0.05960560311443419,0.058973303056048636,0.043996657716239014,0.05350451321353063,0.05588271412135902
332.0,0.059414896309255213,0.05785212812215266,0.043106603485807075,0.05286314806301026,0.05610500763555447
333.0,0.05358872950749335,0.057549112359369735,0.04294092574058427,0.052556083625802386,0.05545515323475059
334.0,0.060230450332283025,0.05775981976601619,0.04307081617783456,0.052368122379325296,0.056345322184857674
335.0,0.060713018177776815,0.06017618776757502,0.04437648088826913,0.052454787994823976,0.055517201174572095
336.0,0.05995232841409838,0.058550302181236455,0.04372566827543568,0.05304734634642694,0.055864459584702666
337.0,0.05961544714964831,0.0578785566993495,0.04306139558945828,0.05212572082173465,0.05588948259891896
338.0,0.060560708544844896,0.056228070148949316,0.0421232006976708,0.052129233334460554,0.05560626234847944
339.0,0.06034301394369582,0.059411382421769854,0.04405073499764409,0.0525262272676298,0.05586095922141997
340.0,0.059204075184408636,0.05768173238029286,0.04298668497387598,0.05269017543538693,0.055779900875417426
341.0,0.05879683074005888,0.057192898238057316,0.042707381664457006,0.05217959025862698,0.054502939452113264
342.0,0.05952771291514461,0.05759724482476464,0.04300688448746207,0.05235349418191608,0.05640586774949287
343.0,0.059456529885204834,0.05784861838558528,0.04315696398955359,0.05184231995022699,0.054990802778833656
344.0,0.06072460145090845,0.05853106181606719,0.04346924980703503,0.052155578997977736,0.055376586936109626
345.0,0.060617005770927795,0.057735228765892745,0.043222243568014705,0.05304793903749758,0.05662052407093818
346.0,0.059642766917430506,0.057160814356211155,0.04257143931417702,0.05193014913101784,0.05569432918927465
347.0,0.059114678119260175,0.05803580093352373,0.04326464457470446,0.05184583428102399,0.055483668844022616
348.0,0.05992088369548919,0.058216573347718605,0.04319868582782678,0.051701790352048485,0.05560676262232614
349.0,0.05832833655857042,0.05820587207781089,0.04345175442862159,0.05192194963184838,0.056067612714960705
350.0,0.05852533701388794,0.05772238192790335,0.04302707146255432,0.052317767273230065,0.05586345437607251
351.0,0.059241315394678015,0.057671041074323956,0.04300687194896829,0.05261580906864234,0.055261508414874067
352.0,0.05901700031170333,0.056439866946200574,0.04234934079318201,0.051498613671303844,0.05581993055139452
353.0,0.05930505552268965,0.05656500737065191,0.04235202612061423,0.051142600871343605,0.05396603530559031
354.0,0.05993165225870746,0.054332643420662456,0.04098310261897679,0.05120934952156536,0.05306335950931161
355.0,0.0609778965622472,0.0597782778851134,0.044315909514247576,0.051802500564239254,0.054779138778596526
356.0,0.06127835232634217,0.05839736236847744,0.04335819218754153,0.052881061957731276,0.056621032113012365
357.0,0.06002848451559595,0.05775768748318518,0.043114556713617004,0.05247001615558683,0.055912997023367675
358.0,0.05839289139649604,0.05918248750611864,0.04399016153387344,0.053566723713426884,0.05666455904498141
359.0,0.06133381171194589,0.05867116475477511,0.04372566618568676,0.05285354182049773,0.05601507463916619
360.0,0.05997385526028316,0.058027245231698346,0.04337838543188067,0.05171934927953758,0.055334063659125354
361.0,0.0602991609617894,0.05971194462546215,0.044398694919866574,0.052461811202205375,0.055921500125118734
362.0,0.06087525596338417,0.05807750665861084,0.04319330472421778,0.05285939237223315,0.0562227317876917
363.0,0.0594581875757241,0.05781972628535978,0.043154261944129794,0.0529595262559901,0.05643689094258095
364.0,0.059081570570006056,0.057649641855821165,0.04297726647524845,0.053265758460217735,0.055875467162979225
365.0,0.05905260082189315,0.057734162624477565,0.04314687259175645,0.05285178738220543,0.05620871945904281
366.0,0.05907742505867675,0.05799727370480543,0.04315696816905162,0.05232597222661142,0.05689873381468205
367.0,0.05851290819008796,0.05779619810533913,0.04303716286035164,0.05175975772045445,0.05554572299842593
368.0,0.058737233553313485,0.0573415900917188,0.04273632468775185,0.05197698990631608,0.055244492889498564
369.0,0.05982652897916019,0.058200528085482886,0.0434288612286074,0.051872768999470006,0.05519695599852725
370.0,0.05933898292198295,0.05707309184199541,0.042576145428867194,0.05166490169614051,0.05490073794994174
371.0,0.059550882031471394,0.05781545839838539,0.04318321332642063,0.05286115044666695,0.05615817937134489
372.0,0.059573236437884355,0.0592060057222006,0.04392354033657077,0.05233592434600229,0.055331556075309
373.0,0.05880842429344197,0.05626232284806717,0.0421810825647627,0.05234587828346385,0.055780893654883756
374.0,0.05938202890416394,0.0572378322792059,0.04280160635596189,0.052178419421051614,0.05598955601203941
375.0,0.05909149872268163,0.05739506987075459,0.04276055114761154,0.05213860367120528,0.0550248322759392
376.0,0.05980002906141746,0.05809356188478524,0.043257919762504975,0.05143361945937449,0.05493225986323104
377.0,0.06016174484290229,0.0586722541453803,0.04354731655947007,0.051896187569048624,0.05517644166351464
378.0,0.05912129089089738,0.05715975153610848,0.04274574527612824,0.052340605878233054,0.055640291845584985
379.0,0.058839863871925364,0.058819859929749356,0.04371422689980105,0.0528992081220791,0.05656848626899068
380.0,0.059563303145083124,0.05848077713996468,0.0438003726217711,0.05344844548339321,0.05682417902868861
381.0,0.059312503564743435,0.0590070424776878,0.043857581589693204,0.0522527821516546,0.05607712102534233
382.0,0.05873558100292018,0.05599702966521628,0.04198522711138783,0.0530075360507931,0.05536958776318972
383.0,0.05859899501432401,0.057663551513913495,0.043031779666993765,0.05302100795519306,0.056083121204213784
384.0,0.060144371218235834,0.05937929853992396,0.04404737259154435,0.05337935879416232,0.05688072861713106
385.0,0.05967918213753445,0.05851608269524678,0.04368596304492283,0.052968302083593086,0.05627227288134139
386.0,0.05957240630759342,0.057769451573195574,0.043186577822269305,0.05275927303304222,0.05686321126426305
387.0,0.05922310135946901,0.057523431968641486,0.042956398241990594,0.05291092558818686,0.056288284751732226
388.0,0.058224038269188434,0.057859313012867335,0.043068789121329595,0.05275575324803293,0.055590255139024713
389.0,0.05928601649731523,0.055058931501687884,0.04153026577243111,0.05234412020902986,0.055143920756176995
390.0,0.0592529038079356,0.05956755387190324,0.04417052776785023,0.05143243953144532,0.055514196424199996
391.0,0.06003427486713016,0.0579127961132159,0.04325522398632807,0.05213390941247931,0.05667856826633924
392.0,0.05958979021251133,0.0585802504589391,0.04354260835503097,0.05268607750387319,0.05548767724937918
393.0,0.05909978203515215,0.058764231261318724,0.043794995697660065,0.052674952728836266,0.05498980223113993
394.0,0.05956579353595606,0.056331814676210894,0.04234395342032629,0.052796159870879295,0.056004567334736424
395.0,0.05910971275789109,0.057899952596539,0.0430418752442887,0.052478799255473024,0.05635882802507752
396.0,0.05887131630072282,0.05774591675054953,0.043019659122942505,0.05272413881542684,0.055154928334453776
397.0,0.0592909767185585,0.05729345430501087,0.04276324901353737,0.05165904569019288,0.05546816190841501
398.0,0.06033143581068938,0.05805720015202639,0.04335954425512818,0.05218368637206991,0.05470608947508046
399.0,0.060177478767489495,0.05930548900511357,0.04392489031440832,0.0528266034659101,0.05523048056084967
400.0,0.06001359100155099,0.05788069562480565,0.04321753118407741,0.05397601507727921,0.055421630226073756
401.0,0.061092942854344384,0.05851605944605729,0.043459147960492966,0.05435134124302066,0.056269763743879445
402.0,0.05939031478669721,0.05954616461733914,0.04414698465590513,0.05510258444750385,0.058042091047961666
403.0,0.060461385897083,0.0604821172127852,0.044786345444359374,0.05480630436266687,0.05757324123471347
404.0,0.0608264196296691,0.060269244310180076,0.044556853391493165,0.05463239680323627,0.05857999574217833
405.0,0.060760204531161016,0.05927980529307255,0.044062853451946486,0.05454222231115309,0.0581686898504844
406.0,0.058959883235580504,0.057951290128805885,0.04329829371268947,0.05502119123723635,0.05936658159400941
407.0,0.06008725157204979,0.05729024259551349,0.042776702817434495,0.05466870731263922,0.05899030730076045
408.0,0.06026687583263826,0.05874819596302117,0.04368596095517391,0.054156944026020906,0.059096385553688444
409.0,0.05978016504587806,0.05911081025413887,0.04398478252001324,0.053990648728900845,0.0595742418498261
410.0,0.059414306323126984,0.05798231119054937,0.04341069086127537,0.05333894853517465,0.057918002936546115
411.0,0.05972636849091896,0.05891613150316495,0.0438979659886225,0.05312464344325139,0.05727952300171672
412.0,0.05972139027923566,0.05914181470931865,0.04392152372881055,0.05269661504205159,0.05710539041551363
413.0,0.0581578231706805,0.05605478729516451,0.04206464175191127,0.052878131227651406,0.056250248402915176
414.0,0.0599895814746815,0.05824009820642622,0.043339353100537846,0.052403267505365184,0.05641637660756822
415.0,0.058564229774551085,0.057891386930775196,0.04313812072305183,0.052508657431716205,0.05633131296349973
416.0,0.05834571532336268,0.05714048460043657,0.04270333800019159,0.051967037786925324,0.05626025854078898
417.0,0.06018244669892164,0.05967772181815984,0.0441940855080384,0.05228790909698698,0.0561031352653797
418.0,0.05923220966210496,0.05544294168999561,0.04157468338688102,0.052571309968494545,0.05515492988809925
419.0,0.058757094998790754,0.05710305008363648,0.042593644986778534,0.05204140051752831,0.0561591799190385
420.0,0.061361953899830776,0.05801867956593401,0.04331243504399904,0.052988802649586844,0.05534757571392754
421.0,0.05905094570143679,0.0582229868027752,0.04333127831050086,0.05277273948322998,0.05643238847795916
422.0,0.059381198773872546,0.05952155036802619,0.04427283560838797,0.05275224437144842,0.05641838236389239
423.0,0.06017416595651387,0.055867598104600534,0.041956961166760516,0.05298821177658711,0.05648241896993732
424.0,0.05996640464816648,0.060300272014549613,0.044704918375573215,0.052162607659571425,0.05608412330555308
425.0,0.06161358618052398,0.05936324663506232,0.04404535180428616,0.053524566288430095,0.05603308915859015
426.0,0.06012698988338036,0.05849469011936978,0.043641543340723815,0.05405155046352837,0.05732055167174206
427.0,0.060629421744413714,0.05890650633861097,0.0440103610474596,0.054313874440608534,0.05689473317755256
428.0,0.06090422828156013,0.058347064407123735,0.043496165773824674,0.05381147421845146,0.057692334375887916
429.0,0.06071798867927125,0.05890115570365718,0.04391680298587738,0.05338872004055306,0.05718745552379191
430.0,0.05990183695992665,0.05781972296404688,0.043000817946189485,0.05380503642985779,0.05696528732641619
431.0,0.059942405401548465,0.057886059545010894,0.04328483154979671,0.05349762793384229,0.056769641411152136
432.0,0.061052382122910975,0.05649655843473388,0.04226184300362572,0.053303230716842245,0.05612215033249718
433.0,0.058090767661630634,0.057966265928313526,0.04316570540951348,0.05306081825082709,0.05568332627193419
434.0,0.0598273488291995,0.057733089840436465,0.04301158851240349,0.052055450568433,0.055442143007441214
435.0,0.06038275225502639,0.05755445967301077,0.043015627997170756,0.05127610726214082,0.055945020764149256
436.0,0.058687572229433,0.056262292956252014,0.042068689595674766,0.05219013143294707,0.05454747314635783
437.0,0.06022134716977272,0.06003713436371858,0.044566944789290186,0.05212688802316852,0.05598705464280507
438.0,0.05854685100975851,0.058371668692498255,0.04341809275214256,0.051553650309629946,0.05477564618354154
439.0,0.060191547291368885,0.058880829269195745,0.043716245597310306,0.0525297379622854,0.05617118649136352
440.0,0.060007800650016624,0.0561574789662621,0.04208013306105815,0.05320076243021778,0.05558925459133099
441.0,0.05945818243559861,0.058529982389400555,0.043675863288129814,0.05284182980860207,0.056598013301474334
442.0,0.060424140546688127,0.05758654687616982,0.04303043595840299,0.05284183708088527,0.05590849921968223
443.0,0.060359583138699754,0.05806788813668265,0.043253878187988426,0.05263747865414076,0.055263009236414806
444.0,0.060800749842217616,0.06036017189126741,0.04469482070852912,0.05266089722371918,0.05615067681728733
445.0,0.060099677825787026,0.05873534912503152,0.04374585943002614,0.05370314810780846,0.05580040744220276
446.0,0.06103831102896899,0.059893799787636426,0.04444579995149769,0.05471437543229139,0.057538717678342816
447.0,0.061736093364989475,0.05832033116023124,0.04340598265683628,0.055278242809085235,0.056428380072602174
448.0,0.06282040800908967,0.05958573141696996,0.04431321791756852,0.055659428616916196,0.05771034734166609
449.0,0.06363821484889062,0.0608864372289904,0.04488058267435786,0.056124338401740664,0.05800156420542839
450.0,0.062659013204087,0.058838030832190545,0.043819886697693614,0.05682874264899622,0.05876613645435182
451.0,0.05972470566027403,0.059254134866282726,0.044082367527869065,0.05863336151260522,0.06057449901186332
452.0,0.05962785541294599,0.05932688158099031,0.04401977536658897,0.05978218588711609,0.059251004352572745
453.0,0.05943335048862676,0.058810238086508274,0.043786914638376306,0.06081389741495617,0.05929553338588088
454.0,0.060369513861437935,0.058200528085482886,0.04326465502344926,0.06005680184066696,0.057986554436377055
455.0,0.05893256860792427,0.05752984542369808,0.04311524006153166,0.05846004664424537,0.05736708956866503
456.0,0.05957488641821475,0.05733731556211874,0.042796218983105934,0.05784874216494085,0.05827476654976714
457.0,0.05965601045114462,0.05832246344306212,0.04335349234209831,0.056961072748005465,0.05828827860456902
458.0,0.05955502497273825,0.05715011640761634,0.04261248616353131,0.05687851233630392,0.059584749154255864
459.0,0.06161772141160199,0.058005842691882914,0.04323503492148684,0.05661853548858689,0.060772139807933126
460.0,0.05919496174164719,0.058369519803103155,0.04339790577705037,0.05686856203498376,0.06018069804387359
461.0,0.05910805249730877,0.05985207413467246,0.044219666125233315,0.0566044818015409,0.060551978920526744
462.0,0.05991757088451402,0.05892575334640603,0.04378825625721763,0.05567992009255625,0.06033981464644313
463.0,0.05914777795832543,0.05751059509459039,0.043013623927904504,0.05527297222192534,0.0607396173469498
464.0,0.06042000017548431,0.057498834325892895,0.042881023086234364,0.05469504934001469,0.06065004813096858
465.0,0.05996392967767018,0.05677680084659028,0.042481252017690485,0.05394205169723941,0.060148181797472375
466.0,0.059010374689752385,0.05800157148359589,0.04317244276020669,0.05420730458632844,0.06071059680289495
467.0,0.05884069400221645,0.05904984423600589,0.043867002178069534,0.053740624000574666,0.06122448835246179
468.0,0.060106293167486974,0.05894286475005719,0.04378893124613646,0.05443975947874073,0.05960127217401194
469.0,0.05978265286668795,0.06014624613249804,0.04460531467020855,0.05458087085956556,0.060300286797958305
470.0,0.05837966071309568,0.05692762498308264,0.04252432383380111,0.054675143283162086,0.060933765547964286
471.0,0.061072261558827945,0.05723033939748267,0.04297793310517117,0.05487363661360545,0.0602902828746663
472.0,0.06089345971834201,0.06082547785348282,0.044962009743143905,0.05482913751345775,0.06006261477226582
473.0,0.05968415263902904,0.057924556881913516,0.0432067710666085,0.05542053229976854,0.06214367007839633
474.0,0.058546851009758975,0.05574565942570841,0.04180486296715985,0.0553432370210145,0.06027626899237194
475.0,0.05891022448176261,0.05725495032548284,0.04291803254057031,0.055359632383211704,0.06357374015717097
476.0,0.05897229920906627,0.056812106401872633,0.04247653336450641,0.054347241493436116,0.06209213721123186
477.0,0.06039516822851261,0.0587054108112673,0.04371692267597795,0.05408258311348842,0.06227776832768557
478.0,0.059982955852730405,0.059361104388293014,0.04402650644803535,0.0536364049117993,0.06185345686961838
479.0,0.05982982893982161,0.0592680412030623,0.04410795441431099,0.05334597719676855,0.06056498604054547
480.0,0.058966519137782905,0.05710304676232411,0.04266228697133922,0.05367680608043297,0.061228986156147344
481.0,0.0587074208245959,0.057538401125523594,0.042999478417096795,0.053330159981076056,0.059539214912317465
482.0,0.06020397097504336,0.05778656297684686,0.04320541272977502,0.05267085479732243,0.05757574571123887
483.0,0.060194032542116485,0.05670942469471347,0.04250884088364998,0.05307487011980219,0.057342568381940795
484.0,0.05930588308291784,0.05753947058825206,0.04298399964644382,0.053449030902180755,0.058360333574973486
485.0,0.059751200437890964,0.05907122684794421,0.04373374724497063,0.054346654256577684,0.05974487251910102
486.0,0.059502045697756176,0.057474226719206004,0.04296918959546266,0.05375877743720539,0.059555725502909745
487.0,0.059832321900757296,0.05862517785746228,0.043578955358941934,0.052727056819011506,0.05826476107282956
488.0,0.06044235458189742,0.05829465409081615,0.0432821420428667,0.05352572985372217,0.05740411760156097
489.0,0.06079413964064331,0.05853212795748263,0.04358029070853648,0.0533237258286237,0.058610524876001394
490.0,0.05990681003148414,0.05799728699005701,0.04334270714764183,0.05308189696332538,0.05719996081631805
491.0,0.05940934610188309,0.05850002414775974,0.04358096569745508,0.053518708464411674,0.05642237834008525
492.0,0.06017913131788326,0.058309636532949446,0.043468568548869296,0.053360618120673275,0.056691581600939775
493.0,0.0612932535505757,0.05638639048847741,0.04221203801631985,0.05277215224637154,0.05550418783997167
494.0,0.06061203269937046,0.05855778177770836,0.04377278793530945,0.05279966329325149,0.05578440178639393
495.0,0.058373024810893424,0.0586369519114111,0.04365365343603039,0.05335240771307931,0.056746117664830883
496.0,0.060281769346683084,0.0577544790950007,0.04296178770459529,0.05309068188128238,0.05685369984659047
497.0,0.05962620800267772,0.05845403725044679,0.04333396572768177,0.05302627127006995,0.056601013390910115
498.0,0.060716328418689236,0.059745121219226004,0.04428091248817394,0.05226390692669153,0.0568552068827131
499.0,0.058792692938917666,0.057144772415287814,0.04258825970367168,0.05223931933760835,0.055671321253254746
500.0,0.05875213220748457,0.058242240453195655,0.04327541096142026,0.05276336914648545,0.05630278803235528
501.0,0.060525951015260065,0.06029920255182076,0.04459184623806866,0.05231484745157469,0.056254753974827904
502.0,0.0599109426924994,0.05754482454451875,0.04297121038272079,0.052233457877448514,0.055637790476350424
503.0,0.06074116293572414,0.06045537400195453,0.04478028935183159,0.05242902229588223,0.05569133065348435
504.0,0.060594656504640645,0.05869898407095938,0.0438993055177152,0.0531709042539745,0.05587647081796411
505.0,0.060061592064849914,0.05894394417672356,0.04389594520136449,0.053254048266392975,0.057132412971472216
506.0,0.05993247467880983,0.057894601961585475,0.043081584654299634,0.05320134966707621,0.05596753930184069
507.0,0.05938700197572143,0.05894714260096975,0.043878447733202076,0.05387003245985775,0.057676319398206014
508.0,0.060340541543262266,0.05820265704700074,0.0433272409154824,0.05280201405875612,0.05706035644742215
509.0,0.058728125250677846,0.057331964927164816,0.04269998186333892,0.05239505891584231,0.05586945766223492
510.0,0.057676910445643215,0.05810319701327751,0.04329156890048993,0.0529472270072361,0.05696478394527843
511.0,0.0595376410678205,0.056007727613810974,0.04204647347432816,0.05271126142016841,0.055918500035683175
512.0,0.058678463926797354,0.05782079906940075,0.042923415733928244,0.05219305489074365,0.05546265734245394
513.0,0.06052843626600736,0.0584925511939135,0.04340598056708718,0.052729993003303874,0.05630929469965533
514.0,0.0597809977462319,0.05874925214049805,0.04377480245332068,0.05242961135081166,0.05670308789941789
515.0,0.05965022009960995,0.05818233725516484,0.043375695924950775,0.05200275742332833,0.05538960803893733
516.0,0.05839951701844714,0.056921208206713404,0.04259633867320639,0.052221744047482255,0.05489422817535021
517.0,0.05888373998439715,0.05688271419112367,0.04236145088848859,0.05277858276268241,0.054897229818431675
518.0,0.05838213311352907,0.05836417913208805,0.043450398181537266,0.05194537729178089,0.054643541261412035
519.0,0.058865533659376856,0.05795342905426243,0.043256578143663356,0.052735841736968506,0.0562557560761672
520.0,0.060264393151953574,0.05802724191038519,0.04314349764716286,0.052955421052193155,0.05548667514803998
521.0,0.058925120565870334,0.057418601372088006,0.04303245256616344,0.052791472884436225,0.05650394317451672
522.0,0.05915357602004835,0.05848398884946233,0.043676538277048295,0.05358721700713773,0.056809170813282434
523.0,0.05937871866325091,0.056220593873790435,0.04221338799415723,0.05198636569727311,0.056107137456154574
524.0,0.05830680971238534,0.059373931298405944,0.04401304846464056,0.053311428397940605,0.05735056965619989
525.0,0.05891187960221897,0.05760473106386246,0.042947646373286026,0.05229728125180251,0.05582893237334734
526.0,0.060610382719039596,0.05761436287104171,0.042941592370507285,0.05245888410826691,0.055474169855513525
527.0,0.059259529429887006,0.059017753711534074,0.04387642485619485,0.052321288876309865,0.05558875897842072
528.0,0.06070971821711525,0.05848826337906238,0.04345982503916061,0.05245010282645152,0.054912746075912136
529.0,0.061774991265777957,0.05735015243616971,0.04294024866191651,0.05350992354645458,0.05508187747729203
530.0,0.06411581733301534,0.06089072836515467,0.044978834312136645,0.05420788091476257,0.05679115629385857
531.0,0.06153413011836516,0.062252393552682674,0.04592644561280243,0.05550777787984246,0.05842538005058509
532.0,0.060253629728861405,0.059062661182180266,0.04392757564184036,0.05810052314963002,0.05746816352947896
533.0,0.058850632435143484,0.057519154117728795,0.042998807607676166,0.06066458108074997,0.05768481939266623
534.0,0.060501949198579305,0.05775447909500057,0.04306475590580899,0.06111486266816532,0.05751219850352221
535.0,0.05896568900749198,0.0583053453967853,0.043433575702293684,0.06158563573122072,0.05784344970419836
536.0,0.0592082052753613,0.05645162771489794,0.042327122582086776,0.06037533511171929,0.05788297599903759
537.0,0.06120881413660731,0.058172718733236914,0.04347126432504632,0.061214407496993126,0.058982296704628484
538.0,0.05925621918897429,0.05858240266964657,0.04355943083427438,0.06024885374637487,0.05871160039046071
539.0,0.0590211458230331,0.05938998320326732,0.04415438654677249,0.058557824308285364,0.05732155377308126
540.0,0.05936382257914319,0.05669550839399574,0.042407214301277966,0.05749040041632547,0.05685870879964117
541.0,0.05933154002005496,0.058121371237031476,0.04333127622075182,0.056003138531980745,0.05913942153368355
542.0,0.058882084863940934,0.0584294329650724,0.04346924353778801,0.05567230601217442,0.05982693296644287
543.0,0.05896899924840501,0.058427280754364534,0.04350760088021224,0.055431069837946934,0.06028327748716471
544.0,0.05874882710669704,0.05871395654915451,0.04362538331190517,0.0545867323197253,0.05861302313794478
545.0,0.0594515619537727,0.059268044524375056,0.044011708935547865,0.05564420409229463,0.05860401820870112
546.0,0.058946642271929306,0.0594081707122726,0.044142268092469926,0.05530634472896531,0.05870959618778243
547.0,0.059162692032873165,0.057943800568395556,0.04337637091386937,0.05461015270737461,0.05800556484255788
548.0,0.05997550781067662,0.056502978532416266,0.04244289467526632,0.05573027701672238,0.05863853865778072
549.0,0.05957820179925344,0.05776303479682634,0.04302236325811517,0.05529229831420222,0.0576122750239335
550.0,0.060293362900066635,0.057340523950303354,0.04282583281582147,0.05434899956787012,0.056758624511002595
551.0,0.060087256712175144,0.05860806645381113,0.04360317763930372,0.05481685099119915,0.05684569546504063
552.0,0.0603239851985727,0.05990341830956461,0.04438792644340185,0.05467513964702078,0.056941768241031254
553.0,0.05927608577457659,0.0599248175280674,0.04447676376205066,0.055414674475750006,0.057483173298530615
554.0,0.061012656661894774,0.05876209897848797,0.04368393807816668,0.05497083431306993,0.057643298217021355
555.0,0.06045228530463545,0.0597365522321493,0.04433879226551679,0.055032901431060724,0.057884978648070615
556.0,0.061137643956981444,0.05925842932375964,0.04412544143372849,0.05458730683008843,0.05859050615389905
557.0,0.0611012287368778,0.05804221770989283,0.04325993428051621,0.055070968196827164,0.05837334380228307
558.0,0.05911218515832417,0.058652993852334044,0.04374720522836543,0.05457502030783004,0.05753721996409325
559.0,0.05997468025044814,0.05819624359194466,0.04331579118085195,0.054322653904353035,0.05816969195182349
560.0,0.059673386645873974,0.058870131320600795,0.043748555206202924,0.05363640127565761,0.05831379723169612
561.0,0.0600152435519446,0.05898244151362631,0.0438400820317818,0.05299290239917176,0.057176446391869654
562.0,0.05856672273548693,0.05751701187095962,0.04289582895771779,0.053448440029180824,0.05585345356007146
563.0,0.058996316446124006,0.05843906477225178,0.043542610444779785,0.052423757162934626,0.056244739176017675
564.0,0.05734581696266521,0.05754054337229316,0.042902555859666264,0.052669676687463876,0.05586796616256705
565.0,0.06052429589480324,0.05803686707493903,0.04319330263446873,0.05233183005062986,0.05613615800020963
566.0,0.05816610134302552,0.057145828592764826,0.04268248439517645,0.052618734344510004,0.05608762366883567
567.0,0.057130607612263885,0.05666021280265207,0.0424462549916169,0.052608785861260846,0.05632280364716645
568.0,0.059936609909887986,0.0580347181855442,0.043241761823435136,0.052350567087977806,0.055915001226046174
569.0,0.05917591757614726,0.057464594912026365,0.042895153968799074,0.05247528674274703,0.05579790762661378
570.0,0.05954757950074707,0.058526780643841994,0.04363010196508936,0.0520378916409439,0.05475462225280894
571.0,0.059859628818225444,0.058149183910590214,0.043383770714987814,0.05281664952844864,0.05658650078841422
572.0,0.05920573287492806,0.057083796433216025,0.04255056481167215,0.05276863973364525,0.0563448250183015
573.0,0.059732988972744705,0.05847971099854937,0.0434241572036661,0.053122305404242454,0.05628727332851996
574.0,0.06031487946599964,0.059339711812416006,0.043955833227471625,0.053049688021577376,0.05561226408099626
575.0,0.058627139772271485,0.05754589400724682,0.04298130804976494,0.0528529545836392,0.05595902843186182
576.0,0.05881751974576371,0.05953973455571832,0.044274850126399146,0.05259648843057775,0.054967791735522686
577.0,0.061489423875602287,0.056419533869113477,0.04221204428556662,0.05303447076923931,0.05449243680862004
578.0,0.061419076116079566,0.06099342003625187,0.04502460608392184,0.0526948569676175,0.055572242173246536
579.0,0.05964193164701377,0.059585738059595626,0.04430110155301517,0.05415108438393157,0.057213971591321564
580.0,0.05945321450416646,0.056738310152313315,0.04255662508369767,0.0542137351026393,0.05796853836330762
581.0,0.05873805854347938,0.0571982621582623,0.04277468620967416,0.054081405003629957,0.05597003756378387
582.0,0.05927194026324728,0.05629758854759542,0.042121177820663575,0.05378805019466064,0.05798405151349692
583.0,0.058431799577535824,0.057548022968764545,0.04306341428696755,0.052919710506143955,0.05811514967335059
584.0,0.059242978225322776,0.0578978037071443,0.043132054181779185,0.052899798995079225,0.057658808259919814
585.0,0.060606237207710134,0.058103180406713424,0.043356848478950986,0.053106490006620766,0.057046847499911235
586.0,0.057850721224131804,0.059312978565523644,0.0439719848972944,0.052450106462593016,0.05625375031984334
587.0,0.058781932085888104,0.05677253628092891,0.04225377448283563,0.05194654631128537,0.056151677364981153
588.0,0.05926697490187789,0.05917604748055965,0.0439605497909066,0.052598828287657884,0.05472360372065718
589.0,0.06077094996381362,0.058681872667308226,0.04373912834857958,0.052109321823396226,0.05563528910711629
590.0,0.0611285279441577,0.05823048300581106,0.043311757965331335,0.05232772484683293,0.05530904375219989
591.0,0.06152501924566614,0.05823153918328768,0.04331647243901756,0.052710670547168284,0.05563378828557557
592.0,0.06046221859743699,0.05782828530849806,0.04321416877797761,0.05270539450579628,0.05685070286444585
593.0,0.058706600974556274,0.058659413950016046,0.043707499997852575,0.053858322266033,0.05778039966303744
594.0,0.05888787521547545,0.057737364370036515,0.04320542108877107,0.05326634206093467,0.057608765338777845
595.0,0.05855016382073445,0.05819518409315476,0.043305026883884955,0.05287988384787311,0.05656849092992679
596.0,0.059286001076938266,0.056560729519738964,0.04233923685689108,0.05322535910965466,0.05708937543783163
597.0,0.058445868101415055,0.057932039799698194,0.043142837286486914,0.052142118002002275,0.05530703799587572
598.0,0.05957711055058007,0.05801913382663336,0.043238208832229064,0.052117229444289495,0.05561981937022065
599.0,0.05784163091193572,0.057126581584969895,0.042904580826422414,0.051825342805384034,0.05486821393531305
600.0,0.059664283483363834,0.05838238324765703,0.043557414226514164,0.052402093031648514,0.05500731647671667
601.0,0.05981078734438443,0.059771854466118504,0.04448012616815052,0.05255081485671298,0.055486176427838554
602.0,0.05981575784587917,0.05719612987543142,0.04279218158808741,0.05253735204266692,0.055683324718288824
603.0,0.059021960532947074,0.058849804886139105,0.04365499714462094,0.052704810905079155,0.05692174951892913
604.0,0.05936382771926885,0.05747636232334939,0.04302908807031471,0.053129332247765546,0.05678765126963957
605.0,0.06003428257731902,0.05887334635141082,0.043755282108151335,0.05317676025992242,0.05678314880501778
606.0,0.05961296446896376,0.05796626924962655,0.043177825953564675,0.052025585119907014,0.05643739277007333
607.0,0.05943335562875225,0.05915252926447757,0.04386431267113964,0.0527891330273562,0.056125653803070816
608.0,0.06002434414439245,0.05739828490156487,0.0429611168951746,0.05170120311519005,0.05471459568412247
609.0,0.058200033882444616,0.058828415631574996,0.043906040778659484,0.05249343472516535,0.055609270206142605
610.0,0.0588001358408458,0.057133005003964794,0.04268315102509917,0.052342953007596185,0.055221980566389356
611.0,0.0606145230902434,0.05842302283132883,0.043485395207610904,0.05167250850423934,0.05449543068347358
612.0,0.0590318989658738,0.05995583858981089,0.044453199752615954,0.052862324920383716,0.05619070493961885
613.0,0.06005662413341763,0.059089401071697904,0.04400093627958506,0.053074288337156245,0.05659951256936949
614.0,0.05976526639170729,0.05762397142903134,0.04308966362383447,0.05287403329613778,0.05598254907089212
615.0,0.05953433853709618,0.056824936633298205,0.04267777201123921,0.05324701778672848,0.05668757319558301
616.0,0.05858161110940625,0.05861341044613912,0.04341540115546363,0.054015827190983856,0.05650643832916906
617.0,0.060369511291375494,0.05944239351957504,0.044180633793890256,0.05363874840502093,0.05792150796076502
618.0,0.05918586885938805,0.05838344274644694,0.04355202894340719,0.05351753580876531,0.05649543541182882
619.0,0.05925208138783308,0.05720680789614926,0.04280430422188772,0.05294371449450991,0.05648642737529441
620.0,0.06072626685161643,0.05812886744006747,0.04329223762016187,0.05232011985680529,0.05576338096295229
621.0,0.06013277766485228,0.05914290077861095,0.04395651239588819,0.05255784533637768,0.05523248787081912
622.0,0.059501223277653184,0.05839841522464155,0.04372432038734717,0.05382904587243614,0.05771083984728562
623.0,0.060152644250454745,0.058970670780990136,0.04379969972260131,0.053173824075629955,0.056263260183870345
624.0,0.0593365028113613,0.05680890133500091,0.04250144317228082,0.05372891562482081,0.056451905372569014
625.0,0.057897917857767614,0.05714690469811856,0.04264344370483763,0.05287813304572231,0.055841448541392016
626.0,0.05782424186689169,0.05895249987854959,0.04376671930428783,0.053026273088140854,0.05597654267743897
627.0,0.059247108316275277,0.058199461944067186,0.04326532374312091,0.052537348406525325,0.0551844460450648
628.0,0.05775140885662167,0.05658533380511348,0.042282704967636864,0.051589364491820756,0.055879972734892064
629.0,0.057035412485391894,0.05809891584105206,0.04332993042241223,0.052089415766543815,0.055287025488355374
630.0,0.05863044744312146,0.05791064722382106,0.04310917352025907,0.051900878191633096,0.054480419360776564
631.0,0.060112091229209894,0.05799194299772901,0.04321887698241688,0.05239974590228538,0.055440140358408094
632.0,0.05968415777915499,0.05798979742964681,0.04311591087095229,0.052624595804670035,0.05602658093764451
633.0,0.05901782787193183,0.056976826911205744,0.04262526706825846,0.053857149610386734,0.05605560148169936
634.0,0.05923552247308028,0.05867546253356479,0.04367586746762755,0.05308306780090084,0.05665905913995656
635.0,0.060079806100058614,0.05733944784494949,0.04285074053384701,0.05303563797067298,0.056637538042668106
636.0,0.0598141027254228,0.05856421848195432,0.04363817466537718,0.05271476847868231,0.05684169482791124
637.0,0.058839863871925364,0.05799194299772888,0.043278108827346326,0.05308658394976874,0.05611364723074569
638.0,0.05932656951855991,0.054880294691636654,0.04125836017438136,0.052582436561602455,0.05625375031984334
639.0,0.06012366679215343,0.05696079493422135,0.04261181744385949,0.05251334987237147,0.05521997636371086
640.0,0.059704016654568745,0.057802594953831506,0.043059376891949025,0.05388817862420538,0.05719796282822147
641.0,0.06028094435651765,0.057387590274282814,0.042738349654508005,0.05301046859894376,0.055375597263934026
642.0,0.05954344426966891,0.05937607354517499,0.04406891581372122,0.053457808547854646,0.055651802804999415
643.0,0.059001268957179345,0.0585203539035342,0.04344568997709794,0.052729989367162375,0.056329307207175563
644.0,0.05792357222484199,0.057076313515431354,0.04265220184278908,0.05322419009014999,0.056078118465744994
645.0,0.05913619982531915,0.05583765314821092,0.042004751636055264,0.05276805431485772,0.05545715122284717
646.0,0.05867929148702553,0.05785181016720581,0.0430587081722772,0.05206716439839926,0.05620722174479324
647.0,0.05820334412335764,0.05590397644392374,0.04185332006637733,0.05188330471957761,0.05606210814899963
648.0,0.05861140841774718,0.05695223258976992,0.04251624068476819,0.0517907885523438,0.054505942648840094
649.0,0.058262943880165015,0.05699288545869291,0.04267305335805519,0.05238862839953136,0.05451094228001763
650.0,0.05836474406848596,0.05839200176958509,0.043508952947798836,0.05216260584150073,0.05504384268212023
651.0,0.05930588308291784,0.05687841973364689,0.042576818328036926,0.051766200963260615,0.055233483757576404
652.0,0.05838130555330104,0.057751270706816085,0.043067445412738936,0.052903896926593155,0.05565680398982252
653.0,0.05896484859694974,0.055716777289421204,0.04180956908185002,0.051984013113697575,0.05561877540923307
654.0,0.05819258584039068,0.057395083156005784,0.0427188209503426,0.051961192689402386,0.054136664421219755
655.0,0.05902031055261667,0.05712657826365713,0.04271209404839413,0.05251802776846083,0.05528902813738849
656.0,0.0597313312822253,0.058120308416928675,0.0434281925089357,0.052089413948473204,0.05510138815731987
657.0,0.05888952519580616,0.05887976312777992,0.0439470918075118,0.05329503848995627,0.056220735353240806
658.0,0.06025031691788563,0.05690195123498005,0.04267238881788122,0.05405154682738697,0.05702182448569462
659.0,0.0592529140881866,0.05882841563157474,0.04361663353294959,0.05363698487637464,0.05617919864114106
660.0,0.06006242990532894,0.05863374352322622,0.04367990904214427,0.05363698487637464,0.05738710518347663
661.0,0.06014188853755083,0.058076440517195654,0.0432060939879408,0.053987727089174584,0.05711389817820134
662.0,0.05977106702349326,0.06045323175518523,0.04471905552738511,0.0543273336185128,0.05723199077168206
663.0,0.05833247178964827,0.0580037104090519,0.04333060541133107,0.054425705791694534,0.056727108812295104
664.0,0.05919662971241761,0.0586455142558624,0.04360385262822244,0.05326224594749153,0.05679065757365724
665.0,0.05753868218690519,0.055631213628538984,0.041606318006854916,0.05308834202420244,0.055801414204478386
666.0,0.05957986462989835,0.05705278865672386,0.042625950416173175,0.05263747683607016,0.05579490598353254
667.0,0.05971560506782679,0.058903281343862135,0.04373308061504779,0.052645085462239186,0.05612965910113685
668.0,0.06010049253570131,0.05782614306172901,0.04310647774408211,0.05298704457515305,0.05623523708021805
669.0,0.058730605361299794,0.056965072785133915,0.04253778390694494,0.052361108262297604,0.05495827721055936
670.0,0.05833163908929459,0.05770740612839544,0.043073501505266835,0.05197991700025474,0.05553020518729988
671.0,0.05836309665821785,0.05797161988458022,0.04315226205436133,0.052574826117362236,0.05571184654214234
672.0,0.05909067630257911,0.05684739535059051,0.04254451498839126,0.05271359582303614,0.05555773112439623
673.0,0.059000451677202304,0.058992073320805825,0.04383872996419544,0.052795570815950155,0.05630379634827626
674.0,0.05986046151857913,0.058669035793256996,0.04375259469097031,0.052911498280479294,0.054827182157996646
675.0,0.058467394947599685,0.058044346671410944,0.043225608063863434,0.05202090358767596,0.055204464767166825
676.0,0.05965682773112149,0.05755444638775944,0.04286149856156693,0.05202910672298701,0.05532155370566268
677.0,0.05885890546736255,0.05807431155567742,0.04320070661508485,0.05237281300191006,0.054954773739985835
678.0,0.058989695964298705,0.055388395769544504,0.0416864055465482,0.052300211981882366,0.054550973509640416
679.0,0.05884813690414458,0.05492736433692888,0.04142864336955706,0.051980507873254575,0.05489723137207704
680.0,0.05896402617684722,0.057050629803390464,0.04274237451103256,0.05254847318156235,0.0551354114398436
681.0,0.060677435658026704,0.058537465307185226,0.04363481643877535,0.05290330968973472,0.05519545673063232
682.0,0.05925621918897414,0.059193168848149236,0.04421023717786117,0.05274579931057166,0.05614767828149714
683.0,0.06011291621937548,0.05860271581885695,0.04348270570068078,0.05396839917882679,0.055497184006115446
684.0,0.060076500999271545,0.05865942059264158,0.04373171391921843,0.05343907878278989,0.05652345385454467
685.0,0.05957902935948162,0.05723141218152364,0.04274237660078154,0.05442277687968547,0.05660451530783829
686.0,0.06029419303035771,0.05766141923108262,0.043072843234339755,0.053537441865617624,0.056899235642174334
687.0,0.05874634442601265,0.058387713954733966,0.04343896307514947,0.05382728779800225,0.05669558689900571
688.0,0.057976543789635515,0.057461389845154386,0.04294765264253292,0.05357198884637447,0.057238993051892395
689.0,0.05875130721731883,0.05771060787395453,0.043033115016588255,0.05234353660831331,0.05545815332418637
690.0,0.05884898245481216,0.05629974740092882,0.04224837875098379,0.05204022604381153,0.056096634812661444
691.0,0.05968167509847046,0.0558333620120469,0.04196436723712567,0.0524231753802883,0.05571785448924149
692.0,0.05869998049273052,0.0581063954375237,0.043180517550243554,0.05323062242453146,0.055600260615962405
693.0,0.057924402355133235,0.05596920370640583,0.04215617902623518,0.05297826147526695,0.0553916075806795
694.0,0.05869170489044825,0.05628903616708268,0.04226924280474392,0.051883888320294544,0.054456403108835566
695.0,0.05914447285753821,0.056543621437400444,0.04222347939195442,0.05267261287175613,0.05460450902583758
696.0,0.05955171216176247,0.057184339214918646,0.04270805874312465,0.05279908696481757,0.055977044504931045
697.0,0.059683314798550005,0.05772773588416964,0.04313744155463514,0.052527983523993,0.056032082396314326
698.0,0.059173437465525155,0.05880915201721598,0.04371422481005206,0.0527979161272424,0.055750877224071196
699.0,0.06052926125617264,0.05667732752761599,0.04230356693164777,0.05217255432474999,0.055836442695632274
700.0,0.059514469381430665,0.056333970208231395,0.0421561769364862,0.05268490303015623,0.05536058128030058
701.0,0.05780934064265863,0.05846794358722622,0.04351232162314553,0.052259212667965266,0.05569583311810612
702.0,0.059945710502335534,0.058394137373728734,0.04358164277612296,0.05262225776566061,0.05452145890632035
703.0,0.059154403580276696,0.05818982349426215,0.04341809693164059,0.05279381455958716,0.05604759554650404
704.0,0.06076682244292418,0.0587931100762929,0.043688656731350695,0.05355793697739919,0.055969040123381
705.0,0.05948466179283826,0.0578240041362726,0.04313811236405589,0.05418680038419309,0.05623323909212147
706.0,0.058815856915118946,0.05825722621664147,0.04355472262983517,0.05410951419579303,0.05743313659197055
707.0,0.0595368057974036,0.05842195004728773,0.043494147076315354,0.053826113324285385,0.05736908600311602
708.0,0.0597718894435961,0.0581673614556572,0.04328281494203632,0.05343731525414369,0.05743113394293775
709.0,0.05972802361137532,0.05691799317590326,0.04252566963214057,0.0533752517722946,0.055723857775403896
710.0,0.058662737712398244,0.05727954464691854,0.04283525758369606,0.05256838469262687,0.055833932004524855
711.0,0.05895906338554073,0.05648907551694934,0.04234798454609768,0.052239899302183784,0.05503083245481065
712.0,0.05801461927032147,0.05623128850107236,0.04219319057032,0.05249753811089149,0.056433384364716455
713.0,0.05794592149112915,0.05845723235338008,0.0434409796829098,0.05258009670452243,0.056193708136345694
714.0,0.05839372409684972,0.056130735755431566,0.04193878661993063,0.05145996694096227,0.05478865019626901
715.0,0.0600442055898691,0.05765286020794447,0.043124654380661036,0.0525262290857009,0.055984051446078334
716.0,0.05874054379422652,0.056853818769585146,0.04263941048931701,0.052467672662365406,0.055267510147391105
717.0,0.05903521434691249,0.05592429623575964,0.04198455839171589,0.052639231274362264,0.05492475109459158
718.0,0.05925373650828944,0.05534667343789304,0.041634581861733015,0.05317792382521459,0.05550819469168307
719.0,0.059867904420507406,0.0573041356470416,0.042734980979161306,0.051575901677774594,0.05596503171802433
720.0,0.05858823930142025,0.057928838054139106,0.04302101745977564,0.053075459174731526,0.055489179624565385
721.0,0.05903852458782552,0.05685488823231361,0.042551241890339736,0.0522030033739931,0.055462155514961545
722.0,0.06011539890005972,0.05707310180593397,0.04263132734028416,0.052660311804931456,0.05622223151384469
723.0,0.05822487096954227,0.05547609835588261,0.04178197603639249,0.05245655334154077,0.05511989984329957
724.0,0.060084771461428,0.058583458847123716,0.04365903244989012,0.05294781060795313,0.055274015261046
725.0,0.05944907927308815,0.05920279401270321,0.043898638887792295,0.05329913278532841,0.055228978185663566
726.0,0.0599904116049729,0.05731056570866228,0.04281910591387311,0.053296787474036086,0.05641737404797109
727.0,0.061645030899133035,0.05890863862144198,0.04367048845376776,0.05310063945488515,0.05523398558506869
728.0,0.06029087250919307,0.05972265585930842,0.04428292700618505,0.053711345788906725,0.05597904870760964
729.0,0.05950039057729967,0.05824652826804678,0.043410020051854625,0.05480747156410083,0.057668311909365014
730.0,0.05995978416634072,0.05707631683674438,0.042891789472950345,0.05477293549176848,0.057449148462361294
731.0,0.05967579942084983,0.057488740571547424,0.042966729304141554,0.053632239296107886,0.057995036053430635
732.0,0.05981990335720863,0.056691233864395556,0.04229751501861802,0.05318436888609156,0.05648392755970544
733.0,0.057830039928615226,0.05634786658107214,0.042152816620135376,0.05303856870075324,0.05823924244570278
734.0,0.05863294554418327,0.05500011105163673,0.04139969616676425,0.05227913145131309,0.05678264542387981
735.0,0.048127340873777937,0.05678965100589309,0.0424139412032265,0.052736432609968534,0.05645740372394829
736.0,0.05921235078669092,0.05793738711333909,0.043124650201162955,0.05181831414379014,0.05563578627367226
737.0,0.05988280821480353,0.05785075066841603,0.04325321364781463,0.05246708542550678,0.05612515508286928
738.0,0.06034964470577288,0.05762504089175955,0.04308293045263899,0.05207828917343599,0.05554071559902071
739.0,0.0605913334134137,0.058478638214508404,0.04342617590117536,0.052449517407663876,0.05604259436168062
740.0,0.05936051747835627,0.05850002414775974,0.04346924562753688,0.05322418281786699,0.05592000241086917
741.0,0.05980583226326634,0.057550168536846746,0.04289313736103862,0.05325404463025138,0.055844439308954844
742.0,0.059842244913307224,0.05883697465471354,0.04367384668036948,0.052516855112814675,0.05492275155284952
743.0,0.060708063096658424,0.05783148373274451,0.04300418662153618,0.052968305719734585,0.0568131730040574
744.0,0.05996226941708786,0.05651367648101096,0.04243211783980554,0.05334362824933461,0.055840943606608795
745.0,0.058738888673770466,0.057888191827841516,0.043088309466499185,0.053349487891423755,0.05610564284919596
746.0,0.06040014387013301,0.058600576893400924,0.04359712363652498,0.053735940650273206,0.05654447001704968
747.0,0.06035626518759833,0.05924772141122613,0.04392421114599163,0.05341565657706997,0.05636433259103839
748.0,0.06070805538647017,0.0563970817944467,0.04230558144965906,0.05294663613423617,0.055898485974517256
749.0,0.060194852392156106,0.05824437937865181,0.04333464489609846,0.054041589253783814,0.05625875305831192
750.0,0.058753784757877875,0.05799087685631344,0.04327272563398828,0.053653382056642066,0.05724849670133769
751.0,0.06029915839172664,0.05741218791703128,0.042885739649669574,0.053583706312482327,0.05648442627990677
752.0,0.058879597043130436,0.05586331361106205,0.041871488343960435,0.053656309150580825,0.057068861102819
753.0,0.05968829815035849,0.057588679159000566,0.04300687612846613,0.05328625539006998,0.0561146493320851
754.0,0.0587844070563844,0.05794807841930825,0.04309303020943206,0.0528939429891315,0.05591549528531076
755.0,0.05948715475377396,0.05812564908794417,0.0433494465880838,0.052721793504134515,0.055638791024044246
756.0,0.059270290282916416,0.05805611740404699,0.043355502680611696,0.05293903114420834,0.05638184372932481
757.0,0.058249695206325565,0.05755551917180067,0.04286689638316775,0.05281899120359908,0.05572334973332971
758.0,0.05712150187969084,0.05739293426661069,0.04279285448725727,0.051883893774506834,0.05801156191413838
759.0,0.059852175636046015,0.05769992321061077,0.04306071642104142,0.05276043478026368,0.0553240504139607
760.0,0.05895244290371497,0.05825401118583132,0.04334069680912827,0.052378670825928494,0.05433680658652358
761.0,0.05911881592040108,0.05768815247797511,0.04305668320552104,0.05261815619800547,0.054306791709356705
762.0,0.05833247178964843,0.05738544138488772,0.042936882076318975,0.05317968735386079,0.05680216697942653
763.0,0.06052844140613317,0.05626442523908276,0.04237894835665071,0.05322828438552242,0.05699981243643232
764.0,0.059697396172743444,0.05756728990443672,0.04300553033012667,0.052724138815427035,0.055760884254654475
765.0,0.05913288958440627,0.05732447204544159,0.04275650748334631,0.05261171113712851,0.05591849692839222
766.0,0.059496257916284254,0.0582625635663442,0.0435163631976619,0.05316446101116863,0.05638935560525522
767.0,0.05907908017913327,0.055285704098446915,0.04157334176803946,0.05264333284201779,0.0547631331227877
768.0,0.05871075162601139,0.057658207521585236,0.04309437182827368,0.052610547571836336,0.05586195510817715
769.0,0.05832419104724065,0.056713695903000634,0.04252566963214057,0.053020420718334724,0.05637334684215545
770.0,0.05990597990119337,0.05860699366977003,0.04362000429804521,0.05287696039007614,0.05639235724833648
771.0,0.060900085340293425,0.058595239543698066,0.04359240707308978,0.051911999330528424,0.056488425363390785
772.0,0.05981245017502919,0.055434389309482864,0.041799471414805923,0.05279615441666709,0.055032334829996754
773.0,0.059132064594241,0.055785242831903455,0.04182841443810088,0.052233457877448514,0.05568582764116853
774.0,0.0586196968703432,0.05717365455157502,0.04267036176137614,0.052332997252064015,0.05494126634612018
775.0,0.058456634094570276,0.05716294996035454,0.04282247040972196,0.053273957959387,0.05653796334974931
776.0,0.058983892762449516,0.05872894231260097,0.04365298471635845,0.05223170343915602,0.056363336704281314
777.0,0.05840696506050092,0.05703781285721609,0.04264479368267483,0.052721786231851614,0.055335064206819176
778.0,0.0591022544355857,0.057720252966385104,0.043162349272660626,0.05168538953563926,0.05510088477618211
779.0,0.058406970200626726,0.057572637218077746,0.04269526947940156,0.052334751690356215,0.055525202448831204
780.0,0.05971643005799207,0.055330621533031664,0.04164467743902818,0.05167836632825757,0.05490573913476485
781.0,0.059276085774576895,0.05808392343498007,0.04317446563721386,0.05277800825231907,0.055259505765841155
782.0,0.06059879687584445,0.05898352758291874,0.04397940141640436,0.05212864427953172,0.05472159951797902
783.0,0.0603148897462511,0.05950871681528786,0.04410727106639646,0.05223813577353749,0.055777390184310105
784.0,0.06053422661754203,0.05961674915740042,0.044278887521417606,0.05441165210464845,0.056486927649141
785.0,0.05959143762277899,0.05751594572954405,0.04302707146255444,0.05427287876283303,0.056115646772487746
786.0,0.06059712890507388,0.05865191774698031,0.04364355785873523,0.0539010578375345,0.05637183825238744
787.0,0.05973463895307557,0.05825186229643648,0.04331445165175937,0.05387354315451315,0.05728803231804991
788.0,0.058695842691589464,0.057195047127451895,0.04268921129712503,0.05300987045366083,0.0564078688448804
789.0,0.05830266934118168,0.05574458664166743,0.04172813783356601,0.054015836281337756,0.05559175129962901
790.0,0.06044731994326635,0.05850217967978024,0.0435594308342742,0.05293843663506681,0.056119656731490206
791.0,0.05938286674464327,0.05859308733299046,0.043723649577926425,0.052829526923706974,0.05468507952715715
792.0,0.059689120570461024,0.057002503980621094,0.042479227050934446,0.05250104880554689,0.056311797622535256
793.0,0.059354716846569996,0.05794487667374929,0.043194644253310294,0.052637476836069966,0.05557774363191645
794.0,0.05874633414576104,0.057372614474775305,0.042789494170906564,0.05242258814342997,0.05521147326195938
795.0,0.059262839670799886,0.05594033485536982,0.041783323924481065,0.052516853294743676,0.05523598978774728
796.0,0.05870660868474468,0.05583657040023152,0.04191388935065001,0.05225102044107921,0.05555122601074154
797.0,0.05998543853341526,0.057180054721380165,0.04265892665498863,0.052042571355103776,0.055887975562796746
798.0,0.05916681441363697,0.05655432270730816,0.04224434344571437,0.05175331265957769,0.055602758877905695
799.0,0.058696670251817955,0.05758546412819042,0.04300485534120795,0.052337676966223684,0.05661752242785681
800.0,0.05711488653799058,0.05688271086981104,0.04243211992955441,0.05132001730735919,0.056292782555417684
801.0,0.05871405672679816,0.05652116936273393,0.04219184477198047,0.051037200036568475,0.05502482761500277
802.0,0.05812388549113591,0.055644033896026,0.0416722767537326,0.052134503921620945,0.054121649991231785
803.0,0.05924794101662896,0.05513273439387261,0.04140171277452435,0.051294837027205276,0.053604763013165496
804.0,0.05811147208771273,0.057903167627349546,0.04311186720668699,0.05208707045525157,0.05496127419270409
805.0,0.06118233734943056,0.05727312454923654,0.04281304564184742,0.051817721452719116,0.054201210622984455
806.0,0.06042827577776627,0.058204815900333745,0.043229647548630824,0.05340101383509464,0.056648550281881316
807.0,0.0603347511917279,0.059608196776887806,0.044199474970643096,0.05388407523847895,0.05589448067645143
808.0,0.05926531721135862,0.05820694486185212,0.043470597695123535,0.05416807061912843,0.057513700878708315
809.0,0.05911881592040108,0.05799729031137004,0.04321618747548687,0.05387003427792855,0.057956026856199355
810.0,0.06018327425914967,0.05803900267908255,0.0432330162239774,0.0530092941252269,0.05653496170666826
811.0,0.05879020768817037,0.057840049398508314,0.043111869296435804,0.05262985911954683,0.05706235754280979
812.0,0.0589350641389227,0.05806361692839549,0.0431535911347091,0.05236871507039613,0.05660351476014447
813.0,0.05801462955057278,0.05728169021500061,0.04298804122096025,0.052995236802039394,0.05596153601567806
814.0,0.057695949471017645,0.05724211345143148,0.04268651134144998,0.05291033653325762,0.056287274882165755
815.0,0.05953598337730123,0.057635745482980415,0.042924103261340926,0.05277390850273454,0.05552020126400778
816.0,0.05992004585501015,0.05600879707653905,0.042132621286047195,0.052633960687202455,0.05513141080271433
817.0,0.05806263318393447,0.057585470770816084,0.04305466241826292,0.052319534438017665,0.05523848804969057
818.0,0.059047635460524064,0.05730521175239547,0.04256941643716974,0.05286349575795919,0.05475613550351327
819.0,0.05971229225685101,0.05744641736695977,0.042860165301721306,0.05221647527839286,0.05523548640660943
820.0,0.05840945545137402,0.05599060956753403,0.041954944559000354,0.05262518304152847,0.05623023278810378
821.0,0.058613063538203856,0.05746460487596492,0.042826503625242394,0.05226507776426699,0.056539967552427906
822.0,0.06079330951035254,0.057758760267226414,0.04311657750087531,0.05206774436297469,0.05527702467235464
823.0,0.05968911543033553,0.05856529126599542,0.04356077663261379,0.05221062109051623,0.055382591775917506
824.0,0.0587980252481451,0.05668553596773444,0.0425124361806632,0.05237944815218616,0.05500414427788633
